{
 "cells": [
  {
   "cell_type": "markdown",
   "id": "f2174c0d",
   "metadata": {},
   "source": [
    "# ISMRM2021"
   ]
  },
  {
   "cell_type": "markdown",
   "id": "dad8faa9",
   "metadata": {},
   "source": [
    "# Simulation Configs\n",
    "\n",
    "- *n* = 10000 Signals\n",
    "- *Std* = 0.1\n",
    "- *Model*: s(b)/s(0) = (1-f)*exp(-bD)+ f*exp(-bD*)\n",
    "- *Params*: **D** - Diffusion Coefficient, **D*** - Pseudodiffusion Coefficient and **f** - Perfusion Fraction \n",
    "- *Params Values*: **D** = 0.00081, **D*** = 0.022 and **f** = 0.1 Mean values of Gray Matter from doi:10.2463/mrms.mp.2019-0061"
   ]
  },
  {
   "cell_type": "markdown",
   "id": "0cb3544b",
   "metadata": {},
   "source": [
    "## Linear Algorithm\n",
    "![image.png](images/img1.png)"
   ]
  },
  {
   "cell_type": "markdown",
   "id": "c84c7256",
   "metadata": {},
   "source": [
    "## Combinatory Algorithm\n",
    "\n",
    "![image-2.png](images/img2.png)"
   ]
  },
  {
   "cell_type": "markdown",
   "id": "b60e361f",
   "metadata": {},
   "source": [
    "### Examples:\n",
    "\n",
    "- For the reduction of 14 bvals to 9 bvals (b = 0 is a common b-value), we have:\n",
    "- Linear Algorithm: (14+13+12+11+10) = 60 iterations (60 fittings with different b-values samplings)\n",
    "- Combinatory Algorithm: $\\frac{14!}{9!(14-9)!}$ = 2002 iterations"
   ]
  },
  {
   "cell_type": "markdown",
   "id": "8b3a6a9c",
   "metadata": {},
   "source": [
    "# Code"
   ]
  },
  {
   "cell_type": "code",
   "execution_count": 1,
   "id": "311647e0",
   "metadata": {},
   "outputs": [
    {
     "name": "stderr",
     "output_type": "stream",
     "text": [
      "100%|██████████| 600/600 [00:07<00:00, 76.42it/s]"
     ]
    },
    {
     "name": "stdout",
     "output_type": "stream",
     "text": [
      "[0, 4, 8, 16, 120, 1000, 1400, 1600, 1800, 2000]\n"
     ]
    },
    {
     "name": "stderr",
     "output_type": "stream",
     "text": [
      "\n"
     ]
    }
   ],
   "source": [
    "# Importing Linear and Combinatory Algorithm\n",
    "from algorithms.algorithms import linear_reduction, combinatory_reduction\n",
    "\n",
    "# Import Simulation Modules\n",
    "import numpy as np\n",
    "\n",
    "# Simulation\n",
    "def simul_signal4d(params_mean, std, shape, bvals):\n",
    "    \"\"\" 4D Matrix are equivalent to a real image .nii\n",
    "    \"\"\"\n",
    "\n",
    "    d_mean, pd_mean, f_mean = params_mean\n",
    "    data = np.zeros((shape[0],shape[1],shape[2],shape[3]))\n",
    "    signal = (1-f_mean)*np.exp(-bvals*d_mean)+f_mean*np.exp(-bvals*pd_mean)\n",
    "    \n",
    "    for i in range(shape[0]):\n",
    "            for j in range(shape[1]):\n",
    "                    for k in range(shape[2]):\n",
    "                        noise = np.random.normal(1, std, len(signal))\n",
    "                        data[i,j,k,:] = (signal*noise)\n",
    "    return data\n",
    "\n",
    "# Simulations Configs\n",
    "params_mean = [0.00081, 0.022, 0.1] # Mean values of Gray Matter from doi:10.2463/mrms.mp.2019-0061\n",
    "bvals = np.array([0, 4, 8, 16, 30, 60, 120, 250, 500,\n",
    "                  1000, 1200, 1400, 1600, 1800, 2000]) # The algorithm will ignore the bvalue = 0.\n",
    "std = 0.1 \n",
    "n = 5 # = n-r (number of reduced b-values)\n",
    "\n",
    "shape = [10,1,1,len(bvals)] # 4D matrix 100x100x1x15 bvals - 10 000 \"voxels\".\n",
    "\n",
    "# Create a simulate signal\n",
    "sig = simul_signal4d(params_mean, std, shape, bvals)\n",
    "\n",
    "#print(sig[0,0,0])\n",
    "\n",
    "# RUN LINEAR ALGORITHM - Rsquared\n",
    "best_bvals = linear_reduction(n, bvals, sig)\n",
    "\n",
    "print(best_bvals)"
   ]
  },
  {
   "cell_type": "code",
   "execution_count": 2,
   "id": "0b6ab724",
   "metadata": {},
   "outputs": [
    {
     "name": "stderr",
     "output_type": "stream",
     "text": [
      "100%|██████████| 20020/20020 [03:43<00:00, 89.64it/s]"
     ]
    },
    {
     "name": "stdout",
     "output_type": "stream",
     "text": [
      "[0, 8, 30, 250, 1000, 1200, 1400, 1600, 1800, 2000]\n"
     ]
    },
    {
     "name": "stderr",
     "output_type": "stream",
     "text": [
      "\n"
     ]
    }
   ],
   "source": [
    "# RUN COMBINATORY ALGORITHM - Rsquared\n",
    "best_bvals = combinatory_reduction(n, bvals, sig)\n",
    "\n",
    "print(best_bvals)"
   ]
  },
  {
   "cell_type": "code",
   "execution_count": 3,
   "id": "afb169c4",
   "metadata": {},
   "outputs": [
    {
     "name": "stderr",
     "output_type": "stream",
     "text": [
      "100%|██████████| 600/600 [00:07<00:00, 76.57it/s]\n",
      "  0%|          | 10/20020 [00:00<03:35, 93.00it/s]"
     ]
    },
    {
     "name": "stdout",
     "output_type": "stream",
     "text": [
      "[0, 8, 16, 60, 1000, 1200, 1400, 1600, 1800, 2000]\n"
     ]
    },
    {
     "name": "stderr",
     "output_type": "stream",
     "text": [
      "100%|██████████| 20020/20020 [03:40<00:00, 90.71it/s]"
     ]
    },
    {
     "name": "stdout",
     "output_type": "stream",
     "text": [
      "[0, 8, 16, 120, 1000, 1200, 1400, 1600, 1800, 2000]\n"
     ]
    },
    {
     "name": "stderr",
     "output_type": "stream",
     "text": [
      "\n"
     ]
    }
   ],
   "source": [
    "# Replicate with std = 0.25\n",
    "std = 0.25\n",
    "sig = simul_signal4d(params_mean, std, shape, bvals)\n",
    "\n",
    "# RUN LINEAR ALGORITHM - Rsquared\n",
    "best_bvals = linear_reduction(n, bvals, sig)\n",
    "\n",
    "print(best_bvals)\n",
    "\n",
    "# RUN COMBINATORY ALGORITHM - Rsquared\n",
    "best_bvals = combinatory_reduction(n, bvals, sig)\n",
    "\n",
    "print(best_bvals)"
   ]
  },
  {
   "cell_type": "code",
   "execution_count": null,
   "id": "4b619c1b",
   "metadata": {},
   "outputs": [],
   "source": [
    "# Codeberg Repository: https://codeberg.org/lcscosta/Ithaca"
   ]
  },
  {
   "cell_type": "code",
   "execution_count": null,
   "id": "69baeaf4",
   "metadata": {},
   "outputs": [],
   "source": [
    "# Simulations Configs\n",
    "params_mean = [0.00081, 0.022, 0.1] # Mean values of Gray Matter from doi:10.2463/mrms.mp.2019-0061\n",
    "bvals = np.array([0, 4, 8, 16, 30, 60, 120, 250, 500,\n",
    "                  1000, 1200, 1400, 1600, 1800, 2000]) # The algorithm will ignore the bvalue = 0.\n",
    "std = 0.1 \n",
    "n = 5 # = n-r (number of reduced b-values)\n",
    "\n",
    "shape = [100,100,1,len(bvals)] # 4D matrix 100x100x1x15 bvals - 10 000 \"voxels\".\n",
    "\n",
    "# Create a simulate signal\n",
    "sig = simul_signal4d(params_mean, std, shape, bvals)\n",
    "\n",
    "# RUN LINEAR ALGORITHM - Rsquared\n",
    "best_bvals = linear_reduction(n, bvals, sig)\n",
    "\n",
    "print(best_bvals)"
   ]
  },
  {
   "cell_type": "code",
   "execution_count": null,
   "id": "8d847230",
   "metadata": {},
   "outputs": [],
   "source": [
    "# Simulations Configs\n",
    "params_mean = [0.00081, 0.022, 0.1] # Mean values of Gray Matter from doi:10.2463/mrms.mp.2019-0061\n",
    "bvals = np.array([0, 4, 8, 16, 30, 60, 120, 250, 500,\n",
    "                  1000, 1200, 1400, 1600, 1800, 2000]) # The algorithm will ignore the bvalue = 0.\n",
    "std = 0.1 \n",
    "n = 5 # = n-r (number of reduced b-values)\n",
    "\n",
    "shape = [100,100,1,len(bvals)] # 4D matrix 100x100x1x15 bvals - 10 000 \"voxels\".\n",
    "\n",
    "# Create a simulate signal\n",
    "sig = simul_signal4d(params_mean, std, shape, bvals)\n",
    "\n",
    "# RUN LINEAR ALGORITHM - Rsquared\n",
    "best_bvals = linear_reduction(n, bvals, sig)\n",
    "\n",
    "print(best_bvals)"
   ]
  },
  {
   "cell_type": "code",
   "execution_count": null,
   "id": "51651dfb",
   "metadata": {},
   "outputs": [],
   "source": [
    "import numpy as np\n",
    "from fits.nonlinfit import nonlinearfit\n",
    "from autograd import grad, jacobian\n",
    "\n",
    "import sympy\n",
    "from sympy.functions import exp"
   ]
  },
  {
   "cell_type": "code",
   "execution_count": null,
   "id": "b762d503",
   "metadata": {},
   "outputs": [],
   "source": [
    "def gradient(bvals, d, d_star, pfraction):\n",
    "    ''' Implement gradient of the function\n",
    "        Parameters\n",
    "    ----------\n",
    "        Returns\n",
    "    -------\n",
    "        References\n",
    "    ----------\n",
    "        [1] - \n",
    "    '''\n",
    "    \n",
    "    col1 = -np.exp(-bvals*d)+np.exp(-bvals*d_star)\n",
    "    col2 = -(1-pfraction)*bvals*np.exp(-bvals*d)\n",
    "    col3 = -pfraction*bvals*np.exp(-bvals*d_star)\n",
    "\n",
    "    Gradient = np.matrix([col1, col2, col3]).T\n",
    "\n",
    "    return Gradient\n",
    "\n",
    "\n",
    "def Hmatrix(gradient):\n",
    "    ''' Implement Cook Distance for linear case\n",
    "        Parameters\n",
    "        ----------\n",
    "        Returns\n",
    "        -------\n",
    "        References\n",
    "        ----------\n",
    "        [1] - \n",
    "    '''\n",
    "\n",
    "    H = gradient @ np.linalg.inv(gradient.T @ gradient) @ gradient.T\n",
    "\n",
    "    return H\n",
    "\n",
    "def rstudentized(S, bvals, d, d_star, pfraction):\n",
    "    ''' Implement Cook Distance for linear case\n",
    "        Parameters\n",
    "        ----------\n",
    "    \n",
    "        Returns\n",
    "        -------\n",
    "    \n",
    "        References\n",
    "        ----------\n",
    "        [1] - \n",
    "    '''\n",
    "\n",
    "    #Calculate ri (residual)\n",
    "    ri = residual(S, bvals, d, d_star, pfraction)\n",
    "\n",
    "    #Calculate sigma ()\n",
    "    sig = np.std(ri)\n",
    "\n",
    "    #Calculate gradiente ()\n",
    "    grad = gradient(bvals, d, d_star, pfraction)\n",
    "\n",
    "    #Calculate hii ()\n",
    "    h = Hmatrix(grad)\n",
    "\n",
    "    rst = np.zeros(len(h))\n",
    "\n",
    "    for i in range(0,len(h)):\n",
    "        rst[i]=ri[i]/(sig*np.sqrt(1-h[i,i]))\n",
    "    \n",
    "    return rst\n",
    "\n",
    "def cooksdistancelinear(p, S, bvals, params):\n",
    "    ''' Implement Cook Distance for linear case\n",
    "        Parameters\n",
    "        ----------\n",
    "        Returns\n",
    "        -------\n",
    "        References\n",
    "        ----------\n",
    "        [1] - Identifying Influential Observations in Nonlinear Regression \n",
    "            - a focus on parameter estimates and the score test. Karin Stål\n",
    "    '''\n",
    "    \n",
    "    S = S/S[0]\n",
    "    \n",
    "    d, d_star, pfraction = params\n",
    "    \n",
    "    #Calculate gradiente ()\n",
    "    grad = gradient(bvals, d, d_star, pfraction)\n",
    "\n",
    "    #Calculate h ()\n",
    "    h = Hmatrix(grad)\n",
    "\n",
    "    #Calculate t (studentized residual)\n",
    "    t = rstudentized(S, bvals, d, d_star, pfraction)\n",
    "\n",
    "    cooksdistancelinear = np.zeros(len(bvals))\n",
    "\n",
    "    #Calculate Cooksdistance\n",
    "    for i in range(len(bvals)):\n",
    "        cooksdistancelinear[i] = ((t[i]**2) / p)*(h[i,i] / (1-h[i,i]))\n",
    "\n",
    "    return cooksdistancelinear\n"
   ]
  },
  {
   "cell_type": "code",
   "execution_count": 1,
   "id": "164bb88d",
   "metadata": {},
   "outputs": [
    {
     "name": "stderr",
     "output_type": "stream",
     "text": [
      "  2%|▏         | 10/600 [00:00<00:11, 50.69it/s]"
     ]
    },
    {
     "name": "stdout",
     "output_type": "stream",
     "text": [
      "[[ 0.00000000e+00  0.00000000e+00  0.00000000e+00  0.00000000e+00\n",
      "   0.00000000e+00  0.00000000e+00  0.00000000e+00  0.00000000e+00\n",
      "   0.00000000e+00  0.00000000e+00  0.00000000e+00  0.00000000e+00\n",
      "   0.00000000e+00  0.00000000e+00]\n",
      " [ 0.00000000e+00  3.86459990e-04  7.64720748e-04  1.49703867e-03\n",
      "   2.70296335e-03  4.97975912e-03  8.40545587e-03  1.17692796e-02\n",
      "   9.13313312e-03 -2.56400364e-03 -4.24274808e-03 -3.43505626e-03\n",
      "  -3.15558520e-04  4.72490609e-03]\n",
      " [ 0.00000000e+00  7.64720748e-04  1.51323212e-03  2.96240546e-03\n",
      "   5.34893648e-03  9.85533303e-03  1.66381133e-02  2.33087043e-02\n",
      "   1.81244817e-02 -5.00316640e-03 -8.34183859e-03 -6.77240742e-03\n",
      "  -6.37768099e-04  9.29157379e-03]\n",
      " [ 0.00000000e+00  1.49703867e-03  2.96240546e-03  5.79964350e-03\n",
      "   1.04726426e-02  1.92988970e-02  3.25932032e-02  4.57085531e-02\n",
      "   3.56873904e-02 -9.51454453e-03 -1.61170388e-02 -1.31589871e-02\n",
      "  -1.30109350e-03  1.79597095e-02]\n",
      " [ 0.00000000e+00  2.70296335e-03  5.34893648e-03  1.04726426e-02\n",
      "   1.89133641e-02  3.48638053e-02  5.89195500e-02  8.27840338e-02\n",
      "   6.51042528e-02 -1.62709635e-02 -2.84075290e-02 -2.34367090e-02\n",
      "  -2.51723261e-03  3.16851603e-02]\n",
      " [ 0.00000000e+00  4.97975912e-03  9.85533303e-03  1.92988970e-02\n",
      "   3.48638053e-02  6.43092622e-02  1.08845729e-01  1.53578521e-01\n",
      "   1.22729330e-01 -2.61913869e-02 -4.94436981e-02 -4.18211539e-02\n",
      "  -5.31645517e-03  5.53130933e-02]\n",
      " [ 0.00000000e+00  8.40545587e-03  1.66381133e-02  3.25932032e-02\n",
      "   5.89195500e-02  1.08845729e-01  1.84842582e-01  2.63244582e-01\n",
      "   2.17690837e-01 -2.98481969e-02 -7.24377985e-02 -6.53374078e-02\n",
      "  -1.13756255e-02  8.19973097e-02]\n",
      " [ 0.00000000e+00  1.17692796e-02  2.33087043e-02  4.57085531e-02\n",
      "   8.27840338e-02  1.53578521e-01  2.63244582e-01  3.84493669e-01\n",
      "   3.46581611e-01  1.55971879e-02 -5.69789975e-02 -6.95436331e-02\n",
      "  -2.39563026e-02  7.16311608e-02]\n",
      " [ 0.00000000e+00  9.13313312e-03  1.81244817e-02  3.56873904e-02\n",
      "   6.51042528e-02  1.22729330e-01  2.17690837e-01  3.46581611e-01\n",
      "   3.96084627e-01  1.89891857e-01  9.63841843e-02  2.06988176e-02\n",
      "  -3.23583080e-02 -6.23105092e-02]\n",
      " [ 0.00000000e+00 -2.56400364e-03 -5.00316640e-03 -9.51454453e-03\n",
      "  -1.62709635e-02 -2.61913869e-02 -2.98481969e-02  1.55971879e-02\n",
      "   1.89891857e-01  3.89654724e-01  3.43295494e-01  2.26382637e-01\n",
      "   5.13458959e-02 -1.66795249e-01]\n",
      " [ 0.00000000e+00 -4.24274808e-03 -8.34183859e-03 -1.61170388e-02\n",
      "  -2.84075290e-02 -4.94436981e-02 -7.24377985e-02 -5.69789975e-02\n",
      "   9.63841843e-02  3.43295494e-01  3.32528368e-01  2.54636110e-01\n",
      "   1.19332303e-01 -6.03236627e-02]\n",
      " [ 0.00000000e+00 -3.43505626e-03 -6.77240742e-03 -1.31589871e-02\n",
      "  -2.34367090e-02 -4.18211539e-02 -6.53374078e-02 -6.95436331e-02\n",
      "   2.06988176e-02  2.26382637e-01  2.54636110e-01  2.44816908e-01\n",
      "   2.00637796e-01  1.28353303e-01]\n",
      " [ 0.00000000e+00 -3.15558520e-04 -6.37768099e-04 -1.30109350e-03\n",
      "  -2.51723261e-03 -5.31645517e-03 -1.13756255e-02 -2.39563026e-02\n",
      "  -3.23583080e-02  5.13458959e-02  1.19332303e-01  2.00637796e-01\n",
      "   2.90264555e-01  3.83525421e-01]\n",
      " [ 0.00000000e+00  4.72490609e-03  9.29157379e-03  1.79597095e-02\n",
      "   3.16851603e-02  5.53130933e-02  8.19973097e-02  7.16311608e-02\n",
      "  -6.23105092e-02 -1.66795249e-01 -6.03236627e-02  1.28353303e-01\n",
      "   3.83525421e-01  6.86392605e-01]]\n",
      "[ 0.          2.13339405  1.730616    1.86012687 -0.57939068  2.640654\n",
      "  3.4773269  -0.08867798  1.94386302  1.08018453  1.89724977  1.11465665\n",
      "  1.24245264  1.28689398]\n",
      "[[ 0.          0.          0.          0.          0.          0.\n",
      "   0.          0.          0.          0.          0.          0.\n",
      "   0.          0.        ]\n",
      " [ 0.          0.36853069  0.40527678  0.22380857 -0.00941671 -0.08541932\n",
      "  -0.07678038 -0.05568887 -0.02545196  0.00714746  0.01351389  0.01746453\n",
      "   0.01964456  0.02054822]\n",
      " [ 0.          0.40527678  0.45625977  0.27897458  0.0403366  -0.04101934\n",
      "  -0.03819147 -0.0278461  -0.01299535  0.00307266  0.0062322   0.00820702\n",
      "   0.0093124   0.00979   ]\n",
      " [ 0.          0.22380857  0.27897458  0.23799055  0.1518162   0.11265003\n",
      "   0.0973128   0.07046399  0.03199114 -0.00944246 -0.01751697 -0.02251628\n",
      "  -0.02526253 -0.02638549]\n",
      " [ 0.         -0.00941671  0.0403366   0.1518162   0.24346877  0.25649181\n",
      "   0.22506795  0.16433605  0.07713457 -0.01730973 -0.03591678 -0.04757033\n",
      "  -0.05411897 -0.05697982]\n",
      " [ 0.         -0.08541932 -0.04101934  0.11265003  0.25649181  0.28659282\n",
      "   0.25376525  0.18917383  0.09592404 -0.00661722 -0.02740291 -0.04080136\n",
      "  -0.04874599 -0.05272245]\n",
      " [ 0.         -0.07678038 -0.03819147  0.0973128   0.22506795  0.25376525\n",
      "   0.22874499  0.17884016  0.10564363  0.02166199  0.00334088 -0.00929121\n",
      "  -0.01765404 -0.02284646]\n",
      " [ 0.         -0.05568887 -0.0278461   0.07046399  0.16433605  0.18917383\n",
      "   0.17884016  0.15666146  0.12141648  0.07286129  0.05937775  0.04837874\n",
      "   0.03940818  0.03209343]\n",
      " [ 0.         -0.02545196 -0.01299535  0.03199114  0.07713457  0.09592404\n",
      "   0.10564363  0.12141648  0.13829149  0.13893922  0.13241552  0.12399282\n",
      "   0.11452307  0.10462031]\n",
      " [ 0.          0.00714746  0.00307266 -0.00944246 -0.01730973 -0.00661722\n",
      "   0.02166199  0.07286129  0.13893922  0.18779444  0.18885092  0.18392542\n",
      "   0.17505537  0.16375242]\n",
      " [ 0.          0.01351389  0.0062322  -0.01751697 -0.03591678 -0.02740291\n",
      "   0.00334088  0.05937775  0.13241552  0.18885092  0.19141677  0.18744698\n",
      "   0.17912534  0.1680758 ]\n",
      " [ 0.          0.01746453  0.00820702 -0.02251628 -0.04757033 -0.04080136\n",
      "  -0.00929121  0.04837874  0.12399282  0.18392542  0.18744698  0.18424964\n",
      "   0.17655201  0.16600628]\n",
      " [ 0.          0.01964456  0.0093124  -0.02526253 -0.05411897 -0.04874599\n",
      "  -0.01765404  0.03940818  0.11452307  0.17505537  0.17912534  0.17655201\n",
      "   0.16951145  0.15962574]\n",
      " [ 0.          0.02054822  0.00979    -0.02638549 -0.05697982 -0.05272245\n",
      "  -0.02284646  0.03209343  0.10462031  0.16375242  0.1680758   0.16600628\n",
      "   0.15962574  0.15048716]]\n",
      "[ 0.          2.85755468  0.21243276 -0.98596518  2.85949777  0.40545783\n",
      " -0.37234369  1.56265317  0.96979273 -0.33905845  2.29463601  1.52803258\n",
      "  1.17470271  1.16439698]\n",
      "[[ 0.          0.          0.          0.          0.          0.\n",
      "   0.          0.          0.          0.          0.          0.\n",
      "   0.          0.        ]\n",
      " [ 0.          0.07030993  0.11579238  0.15580905  0.14068442  0.03612522\n",
      "  -0.05106989 -0.0510974  -0.02865088 -0.00103382  0.0054387   0.01008186\n",
      "   0.01328641  0.01536876]\n",
      " [ 0.          0.11579238  0.19103944  0.25822831  0.23616563  0.06847818\n",
      "  -0.07317396 -0.07537929 -0.04237108 -0.00172392  0.00780915  0.01465195\n",
      "   0.01937883  0.0224549 ]\n",
      " [ 0.          0.15580905  0.25822831  0.35301873  0.33302849  0.12275949\n",
      "  -0.06119301 -0.07148708 -0.04051281 -0.00224797  0.00674715  0.01321651\n",
      "   0.01769842  0.02062888]\n",
      " [ 0.          0.14068442  0.23616563  0.33302849  0.33993165  0.18964018\n",
      "   0.04073633  0.01275246  0.00636488 -0.00114064 -0.00285241 -0.00405148\n",
      "  -0.00484945 -0.0053365 ]\n",
      " [ 0.          0.03612522  0.06847818  0.12275949  0.18964018  0.2543797\n",
      "   0.2613983   0.20635174  0.11635085  0.00590832 -0.02003469 -0.03868138\n",
      "  -0.0515876  -0.06001352]\n",
      " [ 0.         -0.05106989 -0.07317396 -0.06119301  0.04073633  0.2613983\n",
      "   0.38955791  0.32640474  0.1918908   0.02521947 -0.01447382 -0.04333421\n",
      "  -0.06364769 -0.07726806]\n",
      " [ 0.         -0.0510974  -0.07537929 -0.07148708  0.01275246  0.20635174\n",
      "   0.32640474  0.28574407  0.18867547  0.06428154  0.03314519  0.00959712\n",
      "  -0.0078959  -0.02058381]\n",
      " [ 0.         -0.02865088 -0.04237108 -0.04051281  0.00636488  0.11635085\n",
      "   0.1918908   0.18867547  0.16210862  0.11901912  0.10501654  0.09258519\n",
      "   0.08156198  0.07179836]\n",
      " [ 0.         -0.00103382 -0.00172392 -0.00224797 -0.00114064  0.00590832\n",
      "   0.02521947  0.06428154  0.11901912  0.17071148  0.17708582  0.17814934\n",
      "   0.17529014  0.169608  ]\n",
      " [ 0.          0.0054387   0.00780915  0.00674715 -0.00285241 -0.02003469\n",
      "  -0.01447382  0.03314519  0.10501654  0.17708582  0.1879985   0.19217261\n",
      "   0.1913117   0.18676997]\n",
      " [ 0.          0.01008186  0.01465195  0.01321651 -0.00405148 -0.03868138\n",
      "  -0.04333421  0.00959712  0.09258519  0.17814934  0.19217261  0.19854626\n",
      "   0.19917075  0.19555951]\n",
      " [ 0.          0.01328641  0.01937883  0.01769842 -0.00484945 -0.0515876\n",
      "  -0.06364769 -0.0078959   0.08156198  0.17529014  0.1913117   0.19917075\n",
      "   0.20087356  0.19801958]\n",
      " [ 0.          0.01536876  0.0224549   0.02062888 -0.0053365  -0.06001352\n",
      "  -0.07726806 -0.02058381  0.07179836  0.169608    0.18676997  0.19555951\n",
      "   0.19801958  0.19578017]]\n",
      "[ 0.          0.20476404  1.4527361   3.74722839  0.42234905  0.88260076\n",
      "  3.47743885  1.97760321  2.36701039  0.98412843  1.68115191  0.17959377\n",
      " -0.37231139  0.54677742]\n",
      "[[ 0.00000000e+00  0.00000000e+00  0.00000000e+00  0.00000000e+00\n",
      "   0.00000000e+00  0.00000000e+00  0.00000000e+00  0.00000000e+00\n",
      "   0.00000000e+00  0.00000000e+00  0.00000000e+00  0.00000000e+00\n",
      "   0.00000000e+00  0.00000000e+00]\n",
      " [ 0.00000000e+00  2.13279726e-01  2.87241325e-01  2.52154350e-01\n",
      "   8.47253745e-02 -6.14951424e-02 -7.41932989e-02 -5.73897163e-02\n",
      "  -3.14930603e-02  5.47300521e-04  8.13801257e-03  1.36165491e-02\n",
      "   1.74222442e-02  1.99132711e-02]\n",
      " [ 0.00000000e+00  2.87241325e-01  3.89977691e-01  3.51482664e-01\n",
      "   1.37611607e-01 -5.27103779e-02 -7.20858911e-02 -5.58809372e-02\n",
      "  -3.08094997e-02  2.34452838e-04  7.59835186e-03  1.29188702e-02\n",
      "   1.66206413e-02  1.90498892e-02]\n",
      " [ 0.00000000e+00  2.52154350e-01  3.51482664e-01  3.43304739e-01\n",
      "   1.89541140e-01  4.18057158e-02  1.81998943e-02  1.37336598e-02\n",
      "   7.20754917e-03 -8.10810802e-04 -2.68938490e-03 -4.03228753e-03\n",
      "  -4.95183027e-03 -5.53949449e-03]\n",
      " [ 0.00000000e+00  8.47253745e-02  1.37611607e-01  1.89541140e-01\n",
      "   2.10435763e-01  2.02169379e-01  1.80366946e-01  1.39366847e-01\n",
      "   7.68263208e-02 -6.10460822e-04 -1.89783463e-02 -3.22489044e-02\n",
      "  -4.14814409e-02 -4.75396559e-02]\n",
      " [ 0.00000000e+00 -6.14951424e-02 -5.27103779e-02  4.18057158e-02\n",
      "   2.02169379e-01  3.08582033e-01  2.91707716e-01  2.27547788e-01\n",
      "   1.29260584e-01  6.90805919e-03 -2.23598544e-02 -4.36565769e-02\n",
      "  -5.86282180e-02 -6.86178879e-02]\n",
      " [ 0.00000000e+00 -7.41932989e-02 -7.20858911e-02  1.81998943e-02\n",
      "   1.80366946e-01  2.91707716e-01  2.79452491e-01  2.23133632e-01\n",
      "   1.36300741e-01  2.65089284e-02 -3.89194876e-04 -2.03479176e-02\n",
      "  -3.47730888e-02 -4.48143057e-02]\n",
      " [ 0.00000000e+00 -5.73897163e-02 -5.58809372e-02  1.37336598e-02\n",
      "   1.39366847e-01  2.27547788e-01  2.23133632e-01  1.89209140e-01\n",
      "   1.35634304e-01  6.39346344e-02  4.49114382e-02  2.99299968e-02\n",
      "   1.82358262e-02  9.20588052e-03]\n",
      " [ 0.00000000e+00 -3.14930603e-02 -3.08094997e-02  7.20754917e-03\n",
      "   7.68263208e-02  1.29260584e-01  1.36300741e-01  1.35634304e-01\n",
      "   1.31525472e-01  1.16721249e-01  1.09557575e-01  1.02140377e-01\n",
      "   9.46771437e-02  8.73227713e-02]\n",
      " [ 0.00000000e+00  5.47300521e-04  2.34452838e-04 -8.10810802e-04\n",
      "  -6.10460822e-04  6.90805919e-03  2.65089284e-02  6.39346344e-02\n",
      "   1.16721249e-01  1.68132031e-01  1.75083765e-01  1.76888466e-01\n",
      "   1.74837992e-01  1.69965162e-01]\n",
      " [ 0.00000000e+00  8.13801257e-03  7.59835186e-03 -2.68938490e-03\n",
      "  -1.89783463e-02 -2.23598544e-02 -3.89194876e-04  4.49114382e-02\n",
      "   1.09557575e-01  1.75083765e-01  1.85169834e-01  1.89107815e-01\n",
      "   1.88406667e-01  1.84275383e-01]\n",
      " [ 0.00000000e+00  1.36165491e-02  1.29188702e-02 -4.03228753e-03\n",
      "  -3.22489044e-02 -4.36565769e-02 -2.03479176e-02  2.99299968e-02\n",
      "   1.02140377e-01  1.76888466e-01  1.89107815e-01  1.94553836e-01\n",
      "   1.94867716e-01  1.91366048e-01]\n",
      " [ 0.00000000e+00  1.74222442e-02  1.66206413e-02 -4.95183027e-03\n",
      "  -4.14814409e-02 -5.86282180e-02 -3.47730888e-02  1.82358262e-02\n",
      "   9.46771437e-02  1.74837992e-01  1.88406667e-01  1.94867716e-01\n",
      "   1.95929024e-01  1.92961824e-01]\n",
      " [ 0.00000000e+00  1.99132711e-02  1.90498892e-02 -5.53949449e-03\n",
      "  -4.75396559e-02 -6.86178879e-02 -4.48143057e-02  9.20588052e-03\n",
      "   8.73227713e-02  1.69965162e-01  1.84275383e-01  1.91366048e-01\n",
      "   1.92961824e-01  1.90448220e-01]]\n",
      "[ 0.         -1.42809335  1.9658349   0.36618694 -2.03959341 -0.99889353\n",
      "  2.44007728  1.43749678  0.05552589 -0.00533679  0.18718481 -0.02257368\n",
      " -0.21574038 -0.19274694]\n",
      "[[ 0.          0.          0.          0.          0.          0.\n",
      "   0.          0.          0.          0.          0.          0.\n",
      "   0.          0.        ]\n",
      " [ 0.          0.07030993  0.11579238  0.15580905  0.14068442  0.03612522\n",
      "  -0.05106989 -0.0510974  -0.02865088 -0.00103382  0.0054387   0.01008186\n",
      "   0.01328641  0.01536876]\n",
      " [ 0.          0.11579238  0.19103944  0.25822831  0.23616563  0.06847818\n",
      "  -0.07317396 -0.07537929 -0.04237108 -0.00172392  0.00780915  0.01465195\n",
      "   0.01937883  0.0224549 ]\n",
      " [ 0.          0.15580905  0.25822831  0.35301873  0.33302849  0.12275949\n",
      "  -0.06119301 -0.07148708 -0.04051281 -0.00224797  0.00674715  0.01321651\n",
      "   0.01769842  0.02062888]\n",
      " [ 0.          0.14068442  0.23616563  0.33302849  0.33993165  0.18964018\n",
      "   0.04073633  0.01275246  0.00636488 -0.00114064 -0.00285241 -0.00405148\n",
      "  -0.00484945 -0.0053365 ]\n",
      " [ 0.          0.03612522  0.06847818  0.12275949  0.18964018  0.2543797\n",
      "   0.2613983   0.20635174  0.11635085  0.00590832 -0.02003469 -0.03868138\n",
      "  -0.0515876  -0.06001352]\n",
      " [ 0.         -0.05106989 -0.07317396 -0.06119301  0.04073633  0.2613983\n",
      "   0.38955791  0.32640474  0.1918908   0.02521947 -0.01447382 -0.04333421\n",
      "  -0.06364769 -0.07726806]\n",
      " [ 0.         -0.0510974  -0.07537929 -0.07148708  0.01275246  0.20635174\n",
      "   0.32640474  0.28574407  0.18867547  0.06428154  0.03314519  0.00959712\n",
      "  -0.0078959  -0.02058381]\n",
      " [ 0.         -0.02865088 -0.04237108 -0.04051281  0.00636488  0.11635085\n",
      "   0.1918908   0.18867547  0.16210862  0.11901912  0.10501654  0.09258519\n",
      "   0.08156198  0.07179836]\n",
      " [ 0.         -0.00103382 -0.00172392 -0.00224797 -0.00114064  0.00590832\n",
      "   0.02521947  0.06428154  0.11901912  0.17071148  0.17708582  0.17814934\n",
      "   0.17529014  0.169608  ]\n",
      " [ 0.          0.0054387   0.00780915  0.00674715 -0.00285241 -0.02003469\n",
      "  -0.01447382  0.03314519  0.10501654  0.17708582  0.1879985   0.19217261\n",
      "   0.1913117   0.18676997]\n",
      " [ 0.          0.01008186  0.01465195  0.01321651 -0.00405148 -0.03868138\n",
      "  -0.04333421  0.00959712  0.09258519  0.17814934  0.19217261  0.19854626\n",
      "   0.19917075  0.19555951]\n",
      " [ 0.          0.01328641  0.01937883  0.01769842 -0.00484945 -0.0515876\n",
      "  -0.06364769 -0.0078959   0.08156198  0.17529014  0.1913117   0.19917075\n",
      "   0.20087356  0.19801958]\n",
      " [ 0.          0.01536876  0.0224549   0.02062888 -0.0053365  -0.06001352\n",
      "  -0.07726806 -0.02058381  0.07179836  0.169608    0.18676997  0.19555951\n",
      "   0.19801958  0.19578017]]\n",
      "[0.         3.08049298 2.30835744 3.22019216 0.92547546 1.19594253\n",
      " 3.03391057 2.12055946 2.98138405 1.83216517 0.81317273 0.38016141\n",
      " 0.44813284 0.13097465]\n",
      "[[ 0.          0.          0.          0.          0.          0.\n",
      "   0.          0.          0.          0.          0.          0.\n",
      "   0.          0.        ]\n",
      " [ 0.          0.03000276  0.05334132  0.08403697  0.10247402  0.07429377\n",
      "  -0.00603066 -0.04469833 -0.02827879 -0.00318972  0.00286959  0.00731235\n",
      "   0.01047003  0.01261327]\n",
      " [ 0.          0.05334132  0.0948994   0.14974542  0.18326129  0.13489555\n",
      "  -0.0059695  -0.07481721 -0.04757009 -0.00548438  0.00468419  0.01214243\n",
      "   0.01744589  0.02104824]\n",
      " [ 0.          0.08403697  0.14974542  0.23714248  0.29261858  0.22271565\n",
      "   0.00783738 -0.10098428 -0.06509292 -0.0079089   0.00592267  0.01607617\n",
      "   0.02330491  0.02822408]\n",
      " [ 0.          0.10247402  0.18326129  0.29261858  0.36779303  0.30028344\n",
      "   0.05813066 -0.07550115 -0.05144474 -0.00729439  0.00342409  0.01131468\n",
      "   0.01695493  0.02081668]\n",
      " [ 0.          0.07429377  0.13489555  0.22271565  0.30028344  0.30569048\n",
      "   0.19114613  0.09181066  0.04950716  0.00378653 -0.00718419 -0.01518995\n",
      "  -0.02084143 -0.02463703]\n",
      " [ 0.         -0.00603066 -0.0059695   0.00783738  0.05813066  0.19114613\n",
      "   0.3507956   0.35486633  0.21490411  0.03110899 -0.0135085  -0.04636868\n",
      "  -0.06987177 -0.08597876]\n",
      " [ 0.         -0.04469833 -0.07481721 -0.10098428 -0.07550115  0.09181066\n",
      "   0.35486633  0.41708167  0.27154915  0.07188436  0.02222123 -0.01506904\n",
      "  -0.0424604  -0.06197895]\n",
      " [ 0.         -0.02827879 -0.04757009 -0.06509292 -0.05144474  0.04950716\n",
      "   0.21490411  0.27154915  0.21261718  0.12148422  0.09604373  0.07531884\n",
      "   0.05849149  0.04487974]\n",
      " [ 0.         -0.00318972 -0.00548438 -0.0079089  -0.00729439  0.00378653\n",
      "   0.03110899  0.07188436  0.12148422  0.1684094   0.17428711  0.17530985\n",
      "   0.17270918  0.16746875]\n",
      " [ 0.          0.00286959  0.00468419  0.00592267  0.00342409 -0.00718419\n",
      "  -0.0135085   0.02222123  0.09604373  0.17428711  0.18741835  0.19357364\n",
      "   0.19443279  0.1913442 ]\n",
      " [ 0.          0.00731235  0.01214243  0.01607617  0.01131468 -0.01518995\n",
      "  -0.04636868 -0.01506904  0.07531884  0.17530985  0.19357364  0.2034208\n",
      "   0.20683166  0.20539956]\n",
      " [ 0.          0.01047003  0.01744589  0.02330491  0.01695493 -0.02084143\n",
      "  -0.06987177 -0.0424604   0.05849149  0.17270918  0.19443279  0.20683166\n",
      "   0.21207126  0.2118962 ]\n",
      " [ 0.          0.01261327  0.02104824  0.02822408  0.02081668 -0.02463703\n",
      "  -0.08597876 -0.06197895  0.04487974  0.16746875  0.1913442   0.20539956\n",
      "   0.2118962   0.21265757]]\n",
      "[ 0.         -0.81445855 -0.99168863  1.26022523  1.79143571 -2.98624726\n",
      " -0.01972031 -0.426658    1.43655049  0.46833796  0.19137507 -1.00910424\n",
      " -0.76894579  0.11416314]\n",
      "[[ 0.00000000e+00  0.00000000e+00  0.00000000e+00  0.00000000e+00\n",
      "   0.00000000e+00  0.00000000e+00  0.00000000e+00  0.00000000e+00\n",
      "   0.00000000e+00  0.00000000e+00  0.00000000e+00  0.00000000e+00\n",
      "   0.00000000e+00  0.00000000e+00]\n",
      " [ 0.00000000e+00  6.92008172e-01  4.40568814e-01  4.47640833e-02\n",
      "  -6.79248454e-02 -6.92800118e-02 -6.19336271e-02 -4.76773789e-02\n",
      "  -2.58113038e-02  1.54862177e-03  8.11593651e-03  1.28946205e-02\n",
      "   1.62462090e-02  1.84674486e-02]\n",
      " [ 0.00000000e+00  4.40568814e-01  3.26731801e-01  1.21709062e-01\n",
      "   5.96580425e-02  5.38371881e-02  4.80896936e-02  3.69467027e-02\n",
      "   1.98624646e-02 -1.49215736e-03 -6.60966746e-03 -1.03282768e-02\n",
      "  -1.29310832e-02 -1.46504220e-02]\n",
      " [ 0.00000000e+00  4.47640833e-02  1.21709062e-01  1.90791583e-01\n",
      "   2.03081626e-01  1.93092982e-01  1.72729762e-01  1.33223658e-01\n",
      "   7.26062714e-02 -3.31740124e-03 -2.15704615e-02 -3.48699723e-02\n",
      "  -4.42160228e-02 -5.04295855e-02]\n",
      " [ 0.00000000e+00 -6.79248454e-02  5.96580425e-02  2.03081626e-01\n",
      "   2.35872806e-01  2.25326791e-01  2.02071809e-01  1.56925921e-01\n",
      "   8.75557349e-02  3.45758913e-04 -2.07427820e-02 -3.61833692e-02\n",
      "  -4.71113148e-02 -5.44590380e-02]\n",
      " [ 0.00000000e+00 -6.92800118e-02  5.38371881e-02  1.93092982e-01\n",
      "   2.25326791e-01  2.15889014e-01  1.94813285e-01  1.53828733e-01\n",
      "   9.06119342e-02  1.03540913e-02 -9.34816383e-03 -2.39540149e-02\n",
      "  -3.44758086e-02 -4.17460553e-02]\n",
      " [ 0.00000000e+00 -6.19336271e-02  4.80896936e-02  1.72729762e-01\n",
      "   2.02071809e-01  1.94813285e-01  1.78182397e-01  1.45696296e-01\n",
      "   9.50844875e-02  2.91973074e-02  1.24148237e-02 -3.92733101e-04\n",
      "  -9.98949671e-03 -1.70061600e-02]\n",
      " [ 0.00000000e+00 -4.76773789e-02  3.69467027e-02  1.33223658e-01\n",
      "   1.56925921e-01  1.53828733e-01  1.45696296e-01  1.29463157e-01\n",
      "   1.02972314e-01  6.46334804e-02  5.34683081e-02  4.41351326e-02\n",
      "   3.63434217e-02  2.98476159e-02]\n",
      " [ 0.00000000e+00 -2.58113038e-02  1.98624646e-02  7.26062714e-02\n",
      "   8.75557349e-02  9.06119342e-02  9.50844875e-02  1.02972314e-01\n",
      "   1.12330151e-01  1.15105047e-01  1.12394190e-01  1.08341546e-01\n",
      "   1.03355587e-01  9.77593815e-02]\n",
      " [ 0.00000000e+00  1.54862177e-03 -1.49215736e-03 -3.31740124e-03\n",
      "   3.45758913e-04  1.03540913e-02  2.91973074e-02  6.46334804e-02\n",
      "   1.15105047e-01  1.65608209e-01  1.72949452e-01  1.75346165e-01\n",
      "   1.73992121e-01  1.69849885e-01]\n",
      " [ 0.00000000e+00  8.11593651e-03 -6.60966746e-03 -2.15704615e-02\n",
      "  -2.07427820e-02 -9.34816383e-03  1.24148237e-02  5.34683081e-02\n",
      "   1.12394190e-01  1.72949452e-01  1.82504586e-01  1.86389679e-01\n",
      "   1.85953237e-01  1.82284110e-01]\n",
      " [ 0.00000000e+00  1.28946205e-02 -1.03282768e-02 -3.48699723e-02\n",
      "  -3.61833692e-02 -2.39540149e-02 -3.92733101e-04  4.41351326e-02\n",
      "   1.08341546e-01  1.75346165e-01  1.86389679e-01  1.91321021e-01\n",
      "   1.91580491e-01  1.88332068e-01]\n",
      " [ 0.00000000e+00  1.62462090e-02 -1.29310832e-02 -4.42160228e-02\n",
      "  -4.71113148e-02 -3.44758086e-02 -9.98949671e-03  3.63434217e-02\n",
      "   1.03355587e-01  1.73992121e-01  1.85953237e-01  1.91580491e-01\n",
      "   1.92357133e-01  1.89482556e-01]\n",
      " [ 0.00000000e+00  1.84674486e-02 -1.46504220e-02 -5.04295855e-02\n",
      "  -5.44590380e-02 -4.17460553e-02 -1.70061600e-02  2.98476159e-02\n",
      "   9.77593815e-02  1.69849885e-01  1.82284110e-01  1.88332068e-01\n",
      "   1.89482556e-01  1.86939970e-01]]\n",
      "[ 0.00000000e+00  3.37859817e+00 -6.09539396e-04 -5.99732256e-04\n",
      "  3.82363276e+00  4.85282058e-01  2.08899074e-01 -2.87961352e-01\n",
      "  1.03200420e+00 -7.82628752e-01  8.07155446e-01  4.39218777e-01\n",
      "  5.78151782e-02 -3.25190328e-01]\n",
      "erro\n",
      "[[ 0.00000000e+00  0.00000000e+00  0.00000000e+00  0.00000000e+00\n",
      "   0.00000000e+00  0.00000000e+00  0.00000000e+00  0.00000000e+00\n",
      "   0.00000000e+00  0.00000000e+00  0.00000000e+00  0.00000000e+00\n",
      "   0.00000000e+00  0.00000000e+00]\n",
      " [ 0.00000000e+00  9.35153973e-03  1.75899118e-02  3.10838027e-02\n",
      "   4.67518331e-02  5.70920066e-02  3.63517095e-02 -1.55517847e-02\n",
      "  -2.78149004e-02 -6.00178898e-03 -7.32462053e-05  4.33270556e-03\n",
      "   7.52049002e-03  9.74264426e-03]\n",
      " [ 0.00000000e+00  1.75899118e-02  3.30931265e-02  5.85072381e-02\n",
      "   8.80803116e-02  1.07853283e-01  6.95178845e-02 -2.74683430e-02\n",
      "  -5.09758586e-02 -1.10794700e-02 -2.11624427e-04  7.86671500e-03\n",
      "   1.37130306e-02  1.77899267e-02]\n",
      " [ 0.00000000e+00  3.10838027e-02  5.85072381e-02  1.03541377e-01\n",
      "   1.56189172e-01  1.92360738e-01  1.27188996e-01 -4.17540458e-02\n",
      "  -8.49664309e-02 -1.87666984e-02 -6.38718705e-04  1.28422529e-02\n",
      "   2.26039848e-02  2.94168939e-02]\n",
      " [ 0.00000000e+00  4.67518331e-02  8.80803116e-02  1.56189172e-01\n",
      "   2.36548937e-01  2.94675631e-01  2.04440460e-01 -4.22465261e-02\n",
      "  -1.12267044e-01 -2.56838070e-02 -1.67158377e-03  1.62027173e-02\n",
      "   2.91616586e-02  3.82221841e-02]\n",
      " [ 0.00000000e+00  5.70920066e-02  1.07853283e-01  1.92360738e-01\n",
      "   2.94675631e-01  3.78915847e-01  2.96471272e-01  2.17231515e-02\n",
      "  -8.14513721e-02 -2.16895094e-02 -3.90676102e-03  9.38824304e-03\n",
      "   1.90787910e-02  2.59064771e-02]\n",
      " [ 0.00000000e+00  3.63517095e-02  6.95178845e-02  1.27188996e-01\n",
      "   2.04440460e-01  2.96471272e-01  3.24431189e-01  2.26833860e-01\n",
      "   1.11412305e-01  1.80107773e-02 -3.80462673e-03 -1.99182566e-02\n",
      "  -3.14969014e-02 -3.94879116e-02]\n",
      " [ 0.00000000e+00 -1.55517847e-02 -2.74683430e-02 -4.17540458e-02\n",
      "  -4.22465261e-02  2.17231515e-02  2.26833860e-01  4.79959787e-01\n",
      "   4.03128260e-01  9.81819512e-02  1.98192812e-02 -3.87474505e-02\n",
      "  -8.14799293e-02 -1.11638345e-01]\n",
      " [ 0.00000000e+00 -2.78149004e-02 -5.09758586e-02 -8.49664309e-02\n",
      "  -1.12267044e-01 -8.14513721e-02  1.11412305e-01  4.03128260e-01\n",
      "   3.91652762e-01  1.53096061e-01  8.85653695e-02  3.89467681e-02\n",
      "   1.36722470e-03 -2.65540092e-02]\n",
      " [ 0.00000000e+00 -6.00178898e-03 -1.10794700e-02 -1.87666984e-02\n",
      "  -2.56838070e-02 -2.16895094e-02  1.80107773e-02  9.81819512e-02\n",
      "   1.53096061e-01  1.73716759e-01  1.72682208e-01  1.68601384e-01\n",
      "   1.62340678e-01  1.54582127e-01]\n",
      " [ 0.00000000e+00 -7.32462053e-05 -2.11624427e-04 -6.38718705e-04\n",
      "  -1.67158377e-03 -3.90676102e-03 -3.80462673e-03  1.98192812e-02\n",
      "   8.85653695e-02  1.72682208e-01  1.87432405e-01  1.94790262e-01\n",
      "   1.96518840e-01  1.94035651e-01]\n",
      " [ 0.00000000e+00  4.33270556e-03  7.86671500e-03  1.28422529e-02\n",
      "   1.62027173e-02  9.38824304e-03 -1.99182566e-02 -3.87474505e-02\n",
      "   3.89467681e-02  1.68601384e-01  1.94790262e-01  2.10501254e-01\n",
      "   2.18129455e-01  2.19611346e-01]\n",
      " [ 0.00000000e+00  7.52049002e-03  1.37130306e-02  2.26039848e-02\n",
      "   2.91616586e-02  1.90787910e-02 -3.14969014e-02 -8.14799293e-02\n",
      "   1.36722470e-03  1.62340678e-01  1.96518840e-01  2.18129455e-01\n",
      "   2.29990891e-01  2.34387758e-01]\n",
      " [ 0.00000000e+00  9.74264426e-03  1.77899267e-02  2.94168939e-02\n",
